effective_cost = [71023.25, 62818.75, 69027.25, 82478.0, 80293.75, 69754.0, 86105.49999999891, 88385.0, 101961.25, 91700.0, 90824.75]
effective_risk = [9279.74242545436, 9889.83617712802, 9839.300644482228, 8723.634798840772, 8770.155820606873, 9621.674526974444, 8584.951383292158, 8367.03254116542, 7441.6136795468265, 7450.199035727245, 7967.45576391841]
effective_id = [46, 86, 101, 1018, 1692, 1943, 2221, 2255, 3397, 3520, 3588]

minimal_cost = [86, 62818.75, 9889.83617713]
minimal_risk = [3397, 101961.25 7441.61367955]
